       1       1   0.647796105E+00
       2       1   0.130929293E+01
       3       1   0.199831005E+01
       4       1   0.272463921E+01
       5       1   0.349825241E+01
       6       1   0.432196896E+01
       7       1   0.519853801E+01
       8       1   0.612238829E+01
       9       1   0.708757652E+01
      10       1   0.808142857E+01
       1       2   0.130929293E+01
       2       2   0.264598729E+01
       3       2   0.403350237E+01
       4       2   0.549564149E+01
       5       2   0.704509688E+01
       6       2   0.869475896E+01
       7       2   0.104420182E+02
       8       2   0.122838399E+02
       9       2   0.142019947E+02
      10       2   0.161774771E+02
       1       3   0.199831005E+01
       2       3   0.403350237E+01
       3       3   0.614281580E+01
       4       3   0.835257157E+01
       5       3   0.106896758E+02
       6       3   0.131616530E+02
       7       3   0.157759720E+02
       8       3   0.185175640E+02
       9       3   0.213704843E+02
      10       3   0.243005614E+02
       1       4   0.272463921E+01
       2       4   0.549564149E+01
       3       4   0.835257157E+01
       4       4   0.113357623E+02
       5       4   0.144665836E+02
       6       4   0.177669440E+02
       7       4   0.212323119E+02
       8       4   0.248576634E+02
       9       4   0.286120675E+02
      10       4   0.324634574E+02
       1       5   0.349825241E+01
       2       5   0.704509688E+01
       3       5   0.106896758E+02
       4       5   0.144665836E+02
       5       5   0.184114040E+02
       6       5   0.225339073E+02
       7       5   0.268440837E+02
       8       5   0.313219243E+02
       9       5   0.359465415E+02
      10       5   0.406727989E+02
       1       6   0.432196896E+01
       2       6   0.869475896E+01
       3       6   0.131616530E+02
       4       6   0.177669440E+02
       5       6   0.225339073E+02
       6       6   0.274866973E+02
       7       6   0.326201813E+02
       8       6   0.379290099E+02
       9       6   0.433791539E+02
      10       6   0.489355923E+02
       1       7   0.519853801E+01
       2       7   0.104420182E+02
       3       7   0.157759720E+02
       4       7   0.212323119E+02
       5       7   0.268440837E+02
       6       7   0.326201813E+02
       7       7   0.385699938E+02
       8       7   0.446748597E+02
       9       7   0.509155798E+02
      10       7   0.572502924E+02
       1       8   0.612238829E+01
       2       8   0.122838399E+02
       3       8   0.185175640E+02
       4       8   0.248576634E+02
       5       8   0.313219243E+02
       6       8   0.379290099E+02
       7       8   0.446748597E+02
       8       8   0.515554718E+02
       9       8   0.585446035E+02
      10       8   0.656154258E+02
       1       9   0.708757652E+01
       2       9   0.142019947E+02
       3       9   0.213704843E+02
       4       9   0.286120675E+02
       5       9   0.359465415E+02
       6       9   0.433791539E+02
       7       9   0.509155798E+02
       8       9   0.585446035E+02
       9       9   0.662548121E+02
      10       9   0.740211516E+02
       1      10   0.808142857E+01
       2      10   0.161774771E+02
       3      10   0.243005614E+02
       4      10   0.324634574E+02
       5      10   0.406727989E+02
       6      10   0.489355923E+02
       7      10   0.572502924E+02
       8      10   0.656154258E+02
       9      10   0.740211516E+02
      10      10   0.824574486E+02
